[gd_scene load_steps=12 format=2]

[ext_resource path="res://assets/tracks/FirstTrack.tscn" type="PackedScene" id=1]
[ext_resource path="res://scenes/tracks/MidPoint.gd" type="Script" id=2]
[ext_resource path="res://scenes/tracks/Finish.gd" type="Script" id=3]
[ext_resource path="res://scenes/tracks/TrackWithStuff.gd" type="Script" id=4]

[sub_resource type="BoxShape" id=1]
extents = Vector3( 25, 20.8993, 37 )

[sub_resource type="BoxShape" id=2]
extents = Vector3( 3, 3, 4.70091 )

[sub_resource type="BoxShape" id=3]
extents = Vector3( 27, 15.9431, 17 )

[sub_resource type="BoxShape" id=4]
extents = Vector3( 7, 1.76003, 1.2325 )

[sub_resource type="BoxShape" id=5]
extents = Vector3( 1, 0.304988, 1 )

[sub_resource type="CubeMesh" id=6]

[sub_resource type="BoxShape" id=7]

[node name="TrackWithStuff" type="Spatial"]
script = ExtResource( 4 )

[node name="Camera" type="Camera" parent="."]
transform = Transform( -4.37114e-08, -1, -4.37114e-08, 0, -4.37114e-08, 1, -1, 4.37114e-08, 1.91069e-15, -2, 70, -28.794 )
current = true
size = 15.0

[node name="DirectionalLight" type="DirectionalLight" parent="."]
transform = Transform( 1, 0, 0, 0, -4.37114e-08, 1, 0, -1, -4.37114e-08, 6.64482, 24.5967, -0.61457 )
light_energy = 1.514

[node name="CarPositions" type="Spatial" parent="."]
transform = Transform( -0.993572, 0, 0.113203, 0, 1, 0, -0.113203, 0, -0.993572, 0, 1.38798, -1.70758 )

[node name="Position1" type="Position3D" parent="CarPositions"]
transform = Transform( -0.999413, 0, -0.0342542, 0, 1, 0, 0.0342542, 0, -0.999413, 0, 0, 0 )

[node name="Position2" type="Position3D" parent="CarPositions"]
transform = Transform( -0.997184, 0, -0.0749962, 0, 1, 0, 0.0749962, 0, -0.997184, -1.11877, 0, 0.127468 )

[node name="Position3" type="Position3D" parent="CarPositions"]
transform = Transform( -0.99398, 0, -0.109561, 0, 1, 0, 0.109561, 0, -0.99398, -2.12798, 0, 0.242453 )

[node name="Position4" type="Position3D" parent="CarPositions"]
transform = Transform( 0.157831, 0, -0.987466, 0, 1, 0, 0.987466, 0, 0.157831, -3.1422, 0, 0.358008 )

[node name="Position5" type="Position3D" parent="CarPositions"]
transform = Transform( 0.157831, 0, -0.987466, 0, 1, 0, 0.987466, 0, 0.157831, 1.48204, 0, -0.381105 )

[node name="DrawAreas" type="Spatial" parent="."]

[node name="Area2" type="Spatial" parent="DrawAreas"]

[node name="Area" type="Area" parent="DrawAreas/Area2"]
transform = Transform( 1, 0, 0, 0, 1, 0, 0, 0, 1, 0, 1.55446, 1.53414 )

[node name="CollisionShape" type="CollisionShape" parent="DrawAreas/Area2/Area"]
transform = Transform( 1, 0, 0, 0, 1, 0, 0, 0, 1, -1.72825, 0.0458965, -29.4157 )
shape = SubResource( 1 )

[node name="Finish#Area1" type="Area" parent="DrawAreas/Area2"]

[node name="CollisionShape" type="CollisionShape" parent="DrawAreas/Area2/Finish#Area1"]
transform = Transform( 1, 0, 0, 0, 1, 0, 0, 0, 1, 0.400369, 1.10362, 1.68729 )
shape = SubResource( 2 )

[node name="Area1" type="Spatial" parent="DrawAreas"]
transform = Transform( 1, 0, 0, 0, 1, 0, 0, 0, 1, 0, -2.0521, 0 )

[node name="Area" type="Area" parent="DrawAreas/Area1"]
transform = Transform( 1, 0, 0, 0, 1, 0, 0, 0, 1, 0, 1.55446, 1.53414 )

[node name="CollisionShape" type="CollisionShape" parent="DrawAreas/Area1/Area"]
transform = Transform( 1, 0, 0, 0, 1, 0, 0, 0, 1, 0, 0, 16.6999 )
shape = SubResource( 3 )

[node name="Finish#Area2" type="Area" parent="DrawAreas/Area1"]

[node name="CollisionShape" type="CollisionShape" parent="DrawAreas/Area1/Finish#Area2"]
transform = Transform( 1, 0, 0, 0, 1, 0, 0, 0, 1, 13.8816, 2.24226, 5.59714 )
shape = SubResource( 4 )

[node name="Track" parent="." instance=ExtResource( 1 )]
tags_to_meshes = {
"Road": "Road",
"TrackObject": "Track"
}

[node name="ProgressNodes" type="Spatial" parent="."]

[node name="Finish" type="Area" parent="ProgressNodes"]
transform = Transform( 0.916544, 0, 18.8349, 0, 6, 0, -2.85936, 0, 5.42464, 1.88895, 0.543978, -6.73372 )
collision_layer = 8
collision_mask = 2
script = ExtResource( 3 )

[node name="CollisionShape" type="CollisionShape" parent="ProgressNodes/Finish"]
transform = Transform( 0.105363, 0, -2.98023e-08, 0, 1.00259, 0, 9.31323e-10, 0, 0.215931, 0.0984132, 0, -1.49012e-08 )
shape = SubResource( 5 )

[node name="Texture" type="Spatial" parent="ProgressNodes/Finish"]

[node name="MeshInstance" type="MeshInstance" parent="ProgressNodes/Finish/Texture"]
transform = Transform( 0.232844, 0, 0, 0, 0.0020965, 0, 2.14204e-08, 0, 0.199664, 0, 0, 0 )
mesh = SubResource( 6 )
material/0 = null

[node name="MidPoint" type="Area" parent="ProgressNodes"]
transform = Transform( 0.973107, 0, -0.341624, 0, 1, 0, 0.230355, 0, 1.44315, -1.58826, 6.5679, -24.1585 )
collision_layer = 8
collision_mask = 2
script = ExtResource( 2 )

[node name="CollisionShape" type="CollisionShape" parent="ProgressNodes/MidPoint"]
transform = Transform( 0.812559, 0, 0, 0, 2.39684, 0, 0, 0, 3.28806, 0, 0, -0.311771 )
shape = SubResource( 7 )

[connection signal="body_entered" from="ProgressNodes/Finish" to="ProgressNodes/Finish" method="_on_Finish_body_entered"]
[connection signal="body_entered" from="ProgressNodes/MidPoint" to="ProgressNodes/MidPoint" method="_on_MidPoint_body_entered"]
