[gd_scene load_steps=6 format=2]

[ext_resource path="res://assets/tracks/FirstTrack.tscn" type="PackedScene" id=1]

[sub_resource type="BoxShape" id=1]
extents = Vector3( 25, 20.8993, 37 )

[sub_resource type="BoxShape" id=2]
extents = Vector3( 3, 3, 4.70091 )

[sub_resource type="BoxShape" id=3]
extents = Vector3( 27, 15.9431, 17 )

[sub_resource type="BoxShape" id=4]
extents = Vector3( 7, 1.76003, 1.2325 )

[node name="TrackWithStuff" type="Spatial"]

[node name="Camera" type="Camera" parent="."]
transform = Transform( -4.37114e-08, -1, -4.37114e-08, 0, -4.37114e-08, 1, -1, 4.37114e-08, 1.91069e-15, -2, 70, -28.794 )
current = true
size = 15.0

[node name="DirectionalLight" type="DirectionalLight" parent="."]
transform = Transform( 1, 0, 0, 0, -4.37114e-08, 1, 0, -1, -4.37114e-08, 6.64482, 24.5967, -0.61457 )
light_energy = 1.514

[node name="CarPositions" type="Spatial" parent="."]
transform = Transform( -0.993572, 0, 0.113203, 0, 1, 0, -0.113203, 0, -0.993572, 0, 1.38798, -1.70758 )

[node name="Position1" type="Position3D" parent="CarPositions"]
transform = Transform( -0.999413, 0, -0.0342542, 0, 1, 0, 0.0342542, 0, -0.999413, 0, 0, 0 )

[node name="Position2" type="Position3D" parent="CarPositions"]
transform = Transform( -0.997184, 0, -0.0749962, 0, 1, 0, 0.0749962, 0, -0.997184, -1.11877, 0, 0.127468 )

[node name="Position3" type="Position3D" parent="CarPositions"]
transform = Transform( -0.99398, 0, -0.109561, 0, 1, 0, 0.109561, 0, -0.99398, -2.12798, 0, 0.242453 )

[node name="Position4" type="Position3D" parent="CarPositions"]
transform = Transform( 0.157831, 0, -0.987466, 0, 1, 0, 0.987466, 0, 0.157831, -3.1422, 0, 0.358008 )

[node name="Position5" type="Position3D" parent="CarPositions"]
transform = Transform( 0.157831, 0, -0.987466, 0, 1, 0, 0.987466, 0, 0.157831, 1.77999, 0, -0.428728 )

[node name="DrawAreas" type="Spatial" parent="."]

[node name="Area2" type="Spatial" parent="DrawAreas"]

[node name="Area" type="Area" parent="DrawAreas/Area2"]
transform = Transform( 1, 0, 0, 0, 1, 0, 0, 0, 1, 0, 1.55446, 1.53414 )

[node name="CollisionShape" type="CollisionShape" parent="DrawAreas/Area2/Area"]
transform = Transform( 1, 0, 0, 0, 1, 0, 0, 0, 1, -1.72825, 0.0458965, -29.4157 )
shape = SubResource( 1 )

[node name="Finish#Area1" type="Area" parent="DrawAreas/Area2"]

[node name="CollisionShape" type="CollisionShape" parent="DrawAreas/Area2/Finish#Area1"]
transform = Transform( 1, 0, 0, 0, 1, 0, 0, 0, 1, 0.400369, 1.10362, 1.68729 )
shape = SubResource( 2 )

[node name="Area1" type="Spatial" parent="DrawAreas"]
transform = Transform( 1, 0, 0, 0, 1, 0, 0, 0, 1, 0, -2.0521, 0 )

[node name="Area" type="Area" parent="DrawAreas/Area1"]
transform = Transform( 1, 0, 0, 0, 1, 0, 0, 0, 1, 0, 1.55446, 1.53414 )

[node name="CollisionShape" type="CollisionShape" parent="DrawAreas/Area1/Area"]
transform = Transform( 1, 0, 0, 0, 1, 0, 0, 0, 1, 0, 0, 16.6999 )
shape = SubResource( 3 )

[node name="Finish#Area2" type="Area" parent="DrawAreas/Area1"]

[node name="CollisionShape" type="CollisionShape" parent="DrawAreas/Area1/Finish#Area2"]
transform = Transform( 1, 0, 0, 0, 1, 0, 0, 0, 1, 13.8816, 2.24226, 5.59714 )
shape = SubResource( 4 )

[node name="Track" parent="." instance=ExtResource( 1 )]
tags_to_meshes = {
"Road": "Road",
"TrackObject": "Track"
}
