[gd_scene load_steps=6 format=2]

[ext_resource path="res://assets/tracks/Track01.tscn" type="PackedScene" id=1]

[sub_resource type="BoxShape" id=1]
extents = Vector3( 11.2983, 2.41439, 10.4107 )

[sub_resource type="BoxShape" id=2]
extents = Vector3( 2.5254, 1.76003, 1.55461 )

[sub_resource type="BoxShape" id=3]
extents = Vector3( 10.9805, 3.13499, 10.4785 )

[sub_resource type="BoxShape" id=4]
extents = Vector3( 2.38411, 1.76003, 1.2325 )

[node name="TrackWithStuff" type="Spatial"]

[node name="Track" parent="." instance=ExtResource( 1 )]
transform = Transform( 1, 0, 0, 0, 1, 0, 0, 0, 1, 0.91556, -0.951986, -7.49144 )
tags_to_meshes = {
"Road": "RootNode/Track"
}

[node name="Camera" type="Camera" parent="."]
transform = Transform( -4.37114e-08, -1, -4.37114e-08, 0, -4.37114e-08, 1, -1, 4.37114e-08, 1.91069e-15, -2, 25, -12 )
fov = 52.3
size = 15.0

[node name="DirectionalLight" type="DirectionalLight" parent="."]
transform = Transform( 1, 0, 0, 0, -4.37114e-08, 1, 0, -1, -4.37114e-08, 6.64482, 24.5967, -0.61457 )
light_energy = 1.514

[node name="CarPositions" type="Spatial" parent="."]
transform = Transform( -0.993572, 0, 0.113203, 0, 1, 0, -0.113203, 0, -0.993572, 0, 1.38798, -1.70758 )

[node name="Position1" type="Position3D" parent="CarPositions"]
transform = Transform( -0.999413, 0, -0.0342542, 0, 1, 0, 0.0342542, 0, -0.999413, 0, 0, 0 )

[node name="Position2" type="Position3D" parent="CarPositions"]
transform = Transform( -0.997184, 0, -0.0749962, 0, 1, 0, 0.0749962, 0, -0.997184, -1.11877, 0, 0.127468 )

[node name="Position3" type="Position3D" parent="CarPositions"]
transform = Transform( -0.99398, 0, -0.109561, 0, 1, 0, 0.109561, 0, -0.99398, -2.12798, 0, 0.242453 )

[node name="Position4" type="Position3D" parent="CarPositions"]
transform = Transform( -0.998841, 0, -0.0481354, 0, 1, 0, 0.0481354, 0, -0.998841, -3.1422, 0, 0.358008 )

[node name="Position5" type="Position3D" parent="CarPositions"]
transform = Transform( -0.955438, 0, 0.295191, 0, 1, 0, -0.295191, 0, -0.955438, 1.01967, 0, -2.10532 )

[node name="Position6" type="Position3D" parent="CarPositions"]
transform = Transform( -0.966685, 0, 0.255969, 0, 1, 0, -0.255969, 0, -0.966685, -0.0790794, 0, -2.35157 )

[node name="Position7" type="Position3D" parent="CarPositions"]
transform = Transform( -0.974987, 0, 0.222263, 0, 1, 0, -0.222263, 0, -0.974987, -1.07023, 0, -2.5737 )

[node name="Position8" type="Position3D" parent="CarPositions"]
transform = Transform( -0.959447, 0, 0.281889, 0, 1, 0, -0.281889, 0, -0.959447, -2.06631, 0, -2.79693 )

[node name="DrawAreas" type="Spatial" parent="."]

[node name="Area2" type="Spatial" parent="DrawAreas"]

[node name="Area" type="Area" parent="DrawAreas/Area2"]
transform = Transform( 1, 0, 0, 0, 1, 0, 0, 0, 1, 0, 1.55446, 1.53414 )

[node name="CollisionShape" type="CollisionShape" parent="DrawAreas/Area2/Area"]
transform = Transform( 1, 0, 0, 0, 1, 0, 0, 0, 1, -1.72825, 0.0458965, -22.7203 )
shape = SubResource( 1 )

[node name="Finish#Area1" type="Area" parent="DrawAreas/Area2"]

[node name="CollisionShape" type="CollisionShape" parent="DrawAreas/Area2/Finish#Area1"]
transform = Transform( 1, 0, 0, 0, 1, 0, 0, 0, 1, -4.58871, 3.11925, -12.3032 )
shape = SubResource( 2 )

[node name="Area1" type="Spatial" parent="DrawAreas"]

[node name="Area" type="Area" parent="DrawAreas/Area1"]
transform = Transform( 1, 0, 0, 0, 1, 0, 0, 0, 1, 0, 1.55446, 1.53414 )

[node name="CollisionShape" type="CollisionShape" parent="DrawAreas/Area1/Area"]
transform = Transform( 1, 0, 0, 0, 1, 0, 0, 0, 1, -3.07159, 0.0458965, -4.52369 )
shape = SubResource( 3 )

[node name="Finish#Area2" type="Area" parent="DrawAreas/Area1"]

[node name="CollisionShape" type="CollisionShape" parent="DrawAreas/Area1/Finish#Area2"]
transform = Transform( 1, 0, 0, 0, 1, 0, 0, 0, 1, 1.30057, 0.0823536, -12.2468 )
shape = SubResource( 4 )

[node name="ProgressNodes" type="Spatial" parent="."]

[node name="Area" type="Area" parent="ProgressNodes"]
transform = Transform( 2.89619, 0, 3.61561, 0, 6, 0, -0.782373, 0, 13.3842, -1.5104, 1.45934, 1.62091 )

[node name="CollisionShape" type="CollisionShape" parent="ProgressNodes/Area"]
